23096
23927
23832
23944
23961
24155
23818
23488
22740
23813
23754
23863
23643
23465
23716
22837
22321
24689
24784
24537
24337
24690
23645
23088
24687
24461
24298
24597
23616
23047
24491
24340
24664
23632
23073
26463
24451
23969
23254
24213
23873
23087
23534
23001
22637
23570
23472
23640
23045
23180
23505
22829
22280
24361
24450
23871
24017
24419
23655
23065
24346
23755
23930
24296
23551
22946
23871
24032
24392
23640
23052
24096
23774
23470
22634
23926
23647
22837
23577
22982
22628
24473
24602
23793
