35469
35920
35772
36059
34982
34927
35996
35372
34706
36031
35825
36163
34960
34809
36093
35150
34728
36503
36659
35293
35171
36724
35561
35120
36509
35185
35032
36605
35410
34937
35350
35203
36752
35614
35121
35166
35413
34869
34461
35208
34843
34376
35677
35173
34567
34575
34474
34590
35378
35325
34669
34119
33484
35031
35151
35898
35778
35262
34603
34016
35068
35749
35617
35159
34404
33837
35977
35877
35258
34610
34030
34911
36005
35306
34634
35858
35229
34602
34650
34114
33431
34768
34912
35974
